0.00000000000000000000 0.00000000000000000000
0.02755036388855891527 0.00000000000000000000
0.09036033917799679571 0.00000000000000000000
0.18356192348406963344 0.00000000000000000000
0.30023452951732554350 0.00000000000000000000
0.43172353357253623329 0.00000000000000000000
0.56827646642746376671 0.00000000000000000000
0.69976547048267445650 0.00000000000000000000
0.81643807651593014452 0.00000000000000000000
0.90963966082200331531 0.00000000000000000000
0.97244963611144130677 0.00000000000000000000
1.00000000000000000000 0.00000000000000000000
0.00000000000000000000 0.02755036388855874874
0.03844582500231968902 0.03844582500231957800
0.11326585600727950842 0.04393202499119613913
0.21726946937880614596 0.04622121645126481271
0.34164284443781500755 0.04693430028950545951
0.47646948089551360850 0.04706103820897278300
0.61142285527267969947 0.04693430028950534849
0.73650931416992904133 0.04622121645126470169
0.84280211900152401938 0.04393202499119619464
0.92310834999536073298 0.03844582500231974453
0.97244963611144119575 0.02755036388855885976
0.00000000000000000000 0.09036033917799679571
0.04393202499119619464 0.11326585600727978598
0.12595743716709234539 0.12595743716709245641
0.23655709072429825790 0.13224422539928798459
0.36504307048351258835 0.13472772669186083849
0.50022920282462668418 0.13472772669186072747
0.63119868387641386853 0.13224422539928787357
0.74808512566581530923 0.12595743716709228988
0.84280211900152424143 0.11326585600727950842
0.90963966082200331531 0.09036033917799668469
-0.00000000000000011102 0.18356192348406985548
0.04622121645126464617 0.21726946937880631250
0.13224422539928781806 0.23655709072429831341
0.24618508200697575283 0.24618508200697575283
0.37546630207234571452 0.24906739585530857095
0.50762983598604849433 0.24618508200697575283
0.63119868387641375751 0.23655709072429820239
0.73650931416992904133 0.21726946937880614596
0.81643807651593025554 0.18356192348406963344
-0.00000000000000011102 0.30023452951732543248
0.04693430028950540400 0.34164284443781500755
0.13472772669186078298 0.36504307048351264386
0.24906739585530851544 0.37546630207234577004
0.37546630207234577004 0.37546630207234577004
0.50022920282462668418 0.36504307048351258835
0.61142285527267958845 0.34164284443781500755
0.69976547048267445650 0.30023452951732554350
0.00000000000000000000 0.43172353357253612227
0.04706103820897289403 0.47646948089551366401
0.13472772669186083849 0.50022920282462668418
0.24618508200697586386 0.50762983598604838331
0.36504307048351269938 0.50022920282462657315
0.47646948089551355299 0.47646948089551355299
0.56827646642746376671 0.43172353357253623329
0.00000000000000000000 0.56827646642746376671
0.04693430028950545951 0.61142285527267958845
0.13224422539928798459 0.63119868387641375751
0.23655709072429831341 0.63119868387641375751
0.34164284443781489653 0.61142285527267981049
0.43172353357253606676 0.56827646642746387773
0.00000000000000005551 0.69976547048267445650
0.04622121645126481271 0.73650931416992904133
0.12595743716709245641 0.74808512566581530923
0.21726946937880625699 0.73650931416992904133
0.30023452951732554350 0.69976547048267445650
0.00000000000000005551 0.81643807651593025554
0.04393202499119619464 0.84280211900152424143
0.11326585600727978598 0.84280211900152413040
0.18356192348406979997 0.81643807651593025554
0.00000000000000005551 0.90963966082200331531
0.03844582500231963351 0.92310834999536073298
0.09036033917799679571 0.90963966082200320429
0.00000000000000005551 0.97244963611144108473
0.02755036388855880425 0.97244963611144108473
0.00000000000000000000 1.00000000000000000000
