0.0009138797798549092
-7.56878741654532e-05
0.002795096046483536
0.0024823850948507697
0.003380454734497107
0.0033804525280629605
0.0024823769549016106
0.00279519356183755
-7.553930504400341e-05
0.0009139388442918062
-7.547012070219239e-05
0.009500512988410037
0.010211511559020892
0.017549610496502055
0.015277352662735666
0.017549581176126594
0.010211485143827304
0.009500522676034961
-7.554117132713145e-05
0.002795095026574046
0.010211518640034
0.018210420501446833
0.020469726608553174
0.02046971905247119
0.018210371204759213
0.010211422114934976
0.0027951824974934425
0.002482483094190968
0.01754942618305222
0.02046962957953724
0.027414961553404282
0.020469628573096088
0.01754944438448547
0.0024823503714515027
0.0033802753000848895
0.015277193643292719
0.020469653924180875
0.020469619071263878
0.01527719270700345
0.0033804192944444367
0.0033805640079176413
0.017549518474488934
0.018210369288794936
0.017549524252473248
0.003380422118965498
0.0024822362133107845
0.010211402954737991
0.010211511563682052
0.0024823500864386006
0.002795287752331177
0.009500634214376191
0.002795160066966673
-7.559719172434143e-05
-7.558837558008236e-05
0.0009139629194727661