0.0014208938261766058
0.0010598070342737742
0.005879191638953785
0.006077307554004818
0.006077307557667666
0.005879191629347247
0.0010598070395673176
0.0014208938190023446
0.001059807042805172
0.02141995670737984
0.024116664767490192
0.035569603415403606
0.02411666477111396
0.021419956697727116
0.0010598070475253962
0.005879191640085768
0.024116664789815445
0.0339902707279407
0.033990270703156966
0.024116664767674934
0.005879191629894365
0.006077307538880916
0.03556960338714177
0.033990270697003666
0.035569603407417105
0.006077307559600342
0.006077307566160872
0.024116664763294438
0.024116664752696693
0.006077307561984213
0.0058791916077858275
0.021419956676053786
0.005879191629846403
0.0010598070630485346
0.0010598070515079883
0.0014208938267645799