0.00000000000000000000 0.00000000000000000000
0.02003247736636959431 0.00000000000000000000
0.06609947308482644335 0.00000000000000000000
0.13556570045433702365 0.00000000000000000000
0.22468029853567644816 0.00000000000000000000
0.32863799332864351843 0.00000000000000000000
0.44183406555814808137 0.00000000000000000000
0.55816593444185191863 0.00000000000000000000
0.67136200667135637055 0.00000000000000000000
0.77531970146432338531 0.00000000000000005551
0.86443429954566308737 0.00000000000000000000
0.93390052691517355665 0.00000000000000000000
0.97996752263363029467 0.00000000000000000000
1.00000000000000000000 0.00000000000000000000
0.00000000000000000000 0.02003247736636976084
0.02811379536328018069 0.02811379536328018069
0.08334321584719889264 0.03237143879905762800
0.16170880671286075314 0.03419433383396491832
0.25827631888879709621 0.03468831926036708424
0.36733948199230970211 0.03465831614389208726
0.48270320372049979607 0.03459359255900046337
0.59800220186379793308 0.03465831614389214277
0.70703536185083559751 0.03468831926036725077
0.80409685945317421751 0.03419433383396486281
0.88428534535374347936 0.03237143879905746147
0.94377240927343941657 0.02811379536328023621
0.97996752263363040569 0.02003247736636959431
0.00000000000000000000 0.06609947308482638784
0.03237143879905751698 0.08334321584719900367
0.09336170069235383284 0.09336170069235394386
0.17763636401853283298 0.09863563298343441810
0.27909304744733193226 0.10107145767720121521
0.39112034949382668003 0.10196259589631656572
0.50691705460985680975 0.10196259589631662124
0.61983549487546674150 0.10107145767720115970
0.72372800299803274893 0.09863563298343436259
0.81327659861529233432 0.09336170069235388835
0.88428534535374347936 0.08334321584719894815
0.93390052691517355665 0.06609947308482644335
0.00000000000000005551 0.13556570045433719018
0.03419433383396486281 0.16170880671286091967
0.09863563298343441810 0.17763636401853305502
0.18661684475541645556 0.18661684475541645556
0.29085743191284485487 0.19103620293182554946
0.40382660586499707911 0.19234678827000606383
0.51810636515532981772 0.19103620293182554946
0.62676631048916719990 0.18661684475541640005
0.72372800299803263790 0.17763636401853283298
0.80409685945317421751 0.16170880671286080865
0.86443429954566308737 0.13556570045433691263
0.00000000000000000000 0.22468029853567672571
0.03468831926036702873 0.25827631888879726274
0.10107145767720115970 0.27909304744733198778
0.19103620293182543843 0.29085743191284485487
0.29610003420307751121 0.29610003420307751121
0.40779993159384497758 0.29610003420307751121
0.51810636515532981772 0.29085743191284474385
0.61983549487546685253 0.27909304744733187675
0.70703536185083570853 0.25827631888879720723
0.77531970146432360735 0.22468029853567644816
-0.00000000000000011102 0.32863799332864362945
0.03465831614389214277 0.36733948199230970211
0.10196259589631651021 0.39112034949382668003
0.19234678827000595280 0.40382660586499696809
0.29610003420307756672 0.40779993159384497758
0.40382660586499702360 0.40382660586499696809
0.50691705460985680975 0.39112034949382656901
0.59800220186379793308 0.36733948199230981313
0.67136200667135648157 0.32863799332864351843
0.00000000000000000000 0.44183406555814808137
0.03459359255900051888 0.48270320372049979607
0.10196259589631662124 0.50691705460985680975
0.19103620293182554946 0.51810636515532981772
0.29085743191284479936 0.51810636515532981772
0.39112034949382668003 0.50691705460985680975
0.48270320372049985158 0.48270320372049968505
0.55816593444185191863 0.44183406555814808137
0.00000000000000000000 0.55816593444185191863
0.03465831614389225379 0.59800220186379793308
0.10107145767720127072 0.61983549487546674150
0.18661684475541651107 0.62676631048916719990
0.27909304744733204329 0.61983549487546674150
0.36733948199230981313 0.59800220186379793308
0.44183406555814808137 0.55816593444185191863
0.00000000000000000000 0.67136200667135648157
0.03468831926036719526 0.70703536185083570853
0.09863563298343447361 0.72372800299803274893
0.17763636401853299951 0.72372800299803263790
0.25827631888879737376 0.70703536185083559751
0.32863799332864374048 0.67136200667135625952
0.00000000000000005551 0.77531970146432349633
0.03419433383396497383 0.80409685945317421751
0.09336170069235394386 0.81327659861529222329
0.16170880671286091967 0.80409685945317410649
0.22468029853567667020 0.77531970146432338531
0.00000000000000005551 0.86443429954566308737
0.03237143879905757249 0.88428534535374347936
0.08334321584719894815 0.88428534535374359038
0.13556570045433696814 0.86443429954566308737
0.00000000000000000000 0.93390052691517344563
0.02811379536328029172 0.94377240927343952759
0.06609947308482644335 0.93390052691517355665
0.00000000000000000000 0.97996752263363040569
0.02003247736636964982 0.97996752263363040569
0.00000000000000000000 1.00000000000000000000
