0.0009139280240333392
-7.564420334205124e-05
0.0027950668065699347
0.0024824257033344566
0.0033804599856921413
0.00338045466105541
0.002482370203154005
0.002795195161411357
-7.554512978913408e-05
0.0009139403225617571
-7.551814290351899e-05
0.00950064479657442
0.010211578882262984
0.017549639656863292
0.015277335179007423
0.017549569222751416
0.010211458502226378
0.009500519427092513
-7.554212288596318e-05
0.0027952015131198493
0.0102114987054307
0.018210439209838114
0.020469745138882445
0.020469690983190958
0.018210346361570373
0.01021142926219909
0.0027951829548555907
0.002482382672866379
0.017549599705326102
0.020469739782186025
0.027414973571239898
0.02046961171328121
0.017549466584341644
0.0024823616892035716
0.003380436819147903
0.015277200922078293
0.020469624987072166
0.02046961145504156
0.015277222306792737
0.003380430031711512
0.0033804192290070034
0.01754950115240206
0.0182103965299234
0.01754950387302756
0.0033804264104162485
0.0024823527910804444
0.010211388756204087
0.010211426256745426
0.0024823404299638696
0.0027951824911554013
0.009500544265037547
0.002795152169412063
-7.554628170325373e-05
-7.559310706994893e-05
0.0009139375272866346