-0.0009079134818668066
0.006657490950209954
0.0065988120426965224
0.010991091723852264
0.006598812042557967
0.006657490950029654
-0.0009079134808764877
0.006657490950624068
0.02790712150056507
0.04451074427430157
0.044510744273353
0.027907121500597043
0.006657490949944389
0.006598812042927449
0.04451074427123736
0.0394268171734069
0.04451074427343826
0.006598812043002056
0.01099109172408852
0.044510744271583746
0.04451074427216639
0.010991091724207536
0.006598812042462043
0.027907121502209975
0.006598812042412305
0.00665749094989021
0.006657490950260581
-0.0009079134802094657