0.0014208938243420732
0.0010598070491791844
0.005879191622423008
0.0060773075428599554
0.00607730755756819
0.005879191620834945
0.0010598070422815908
0.0014208938247861624
0.001059807033043647
0.021419956683860875
0.024116664786422604
0.035569603415403606
0.024116664771341334
0.02141995669748553
0.0010598070478664567
0.0058791916437672675
0.024116664780956754
0.03399027073248817
0.033990270721993454
0.024116664769408658
0.005879191628537228
0.00607730755268987
0.03556960340280391
0.03399027073548666
0.03556960341116877
0.006077307559991141
0.006077307570460988
0.02411666476901253
0.024116664751026917
0.006077307558765455
0.005879191618923585
0.021419956688117026
0.005879191631848357
0.0010598070555505323
0.0010598070400060777
0.0014208938300419582