-0.0007168358502873673
0.002903032110950221
0.002250487989016392
0.004707335483857378
0.004150808580860144
0.004707335577563754
0.0022504878710094545
0.0029030302796400065
-0.0007168360213256619
0.0029030306942896544
0.009367830611349603
0.019468068670207117
0.021877739999567325
0.021877740146919677
0.019468068933690574
0.009367830474047878
0.0029030302534351904
0.0022504870501585117
0.01946806825942815
0.021132068864616826
0.03031946868719615
0.02113206901083231
0.019468068702735764
0.0022504877320272954
0.004707336225972192
0.02187774091550665
0.030319468882197498
0.03031946874006053
0.021877739754359027
0.004707335504789967
0.004150807789446986
0.02187773897659895
0.021132068724227793
0.021877739898002346
0.004150808476367729
0.0047073361166631855
0.019468069741130023
0.01946806892204478
0.004707335547976754
0.0022504873860595964
0.009367830500039531
0.0022504877515032717
0.0029030306755171154
0.0029030302950978637
-0.0007168363093121854