0.00000000000000000000 0.00000000000000000000
0.03299928479597025177 0.00000000000000000000
0.10775826316842784802 0.00000000000000000000
0.21738233650189753288 0.00000000000000000000
0.35212093220653029046 0.00000000000000000000
0.50000000000000011102 0.00000000000000000000
0.64787906779346959851 0.00000000000000000000
0.78261766349810246712 0.00000000000000000000
0.89224173683157215198 0.00000000000000000000
0.96700071520402963721 0.00000000000000005551
1.00000000000000000000 0.00000000000000000000
0.00000000000000000000 0.03299928479597047382
0.04583657768857180015 0.04583657768857235526
0.13452927831020788929 0.05197843177005390114
0.25596934954490058178 0.05438093904988233751
0.39793551803066551376 0.05506797943370073112
0.54699650253563392166 0.05506797943370073112
0.68964971140521680315 0.05438093904988244853
0.81349228991973854264 0.05197843177005390114
0.90832684462285584459 0.04583657768857185566
0.96700071520402963721 0.03299928479597030728
-0.00000000000000022204 0.10775826316842779251
0.05197843177005373461 0.13452927831020761174
0.14866862538297365148 0.14866862538297376251
0.27674613753945709327 0.15512438426108732248
0.42153259644440543852 0.15693480711118928950
0.56812947819945558425 0.15512438426108721146
0.70266274923405247499 0.14866862538297381802
0.81349228991973809855 0.13452927831020794480
0.89224173683157215198 0.10775826316842784802
0.00000000000000005551 0.21738233650189747737
0.05438093904988250404 0.25596934954490080383
0.15512438426108721146 0.27674613753945731531
0.28562869858271294765 0.28562869858271300316
0.42874260283457410470 0.28562869858271289214
0.56812947819945558425 0.27674613753945709327
0.68964971140521702520 0.25596934954490069281
0.78261766349810235610 0.21738233650189747737
0.00000000000000000000 0.35212093220653040149
0.05506797943370067561 0.39793551803066540273
0.15693480711118934501 0.42153259644440521647
0.28562869858271294765 0.42874260283457421572
0.42153259644440527198 0.42153259644440543852
0.54699650253563381064 0.39793551803066551376
0.64787906779346970954 0.35212093220653029046
0.00000000000000000000 0.49999999999999988898
0.05506797943370062010 0.54699650253563381064
0.15512438426108732248 0.56812947819945558425
0.27674613753945720429 0.56812947819945558425
0.39793551803066540273 0.54699650253563392166
0.49999999999999988898 0.50000000000000011102
0.00000000000000000000 0.64787906779346970954
0.05438093904988233751 0.68964971140521702520
0.14866862538297387353 0.70266274923405236397
0.25596934954490080383 0.68964971140521669213
0.35212093220653040149 0.64787906779346959851
0.00000000000000000000 0.78261766349810246712
0.05197843177005390114 0.81349228991973820957
0.13452927831020755622 0.81349228991973854264
0.21738233650189747737 0.78261766349810257815
0.00000000000000005551 0.89224173683157215198
0.04583657768857235526 0.90832684462285584459
0.10775826316842784802 0.89224173683157215198
0.00000000000000000000 0.96700071520402974823
0.03299928479597036279 0.96700071520402974823
0.00000000000000000000 1.00000000000000000000
