0.00000000000000000000 0.00000000000000000000
0.06412992574519665867 0.00000000000000005551
0.20414990928342879872 0.00000000000000000000
0.39535039104876068539 0.00000000000000000000
0.60464960895123953666 0.00000000000000000000
0.79585009071657097923 0.00000000000000000000
0.93587007425480328582 0.00000000000000000000
1.00000000000000000000 0.00000000000000000000
0.00000000000000000000 0.06412992574519671418
0.08800192028618242235 0.08800192028618275542
0.24835798336951214749 0.09928529455418494409
0.44873513139513426795 0.10252973720973151961
0.65235672207630279740 0.09928529455418488858
0.82399615942763471121 0.08800192028618258888
0.93587007425480317480 0.06412992574519665867
-0.00000000000000022204 0.20414990928342896526
0.09928529455418494409 0.24835798336951225851
0.26746335278534416613 0.26746335278534422164
0.46507329442931155672 0.26746335278534416613
0.65235672207630268638 0.24835798336951214749
0.79585009071657120128 0.20414990928342879872
0.00000000000000000000 0.39535039104876046334
0.10252973720973157512 0.44873513139513421244
0.26746335278534416613 0.46507329442931155672
0.44873513139513415693 0.44873513139513421244
0.60464960895123931461 0.39535039104876068539
0.00000000000000000000 0.60464960895123931461
0.09928529455418499960 0.65235672207630279740
0.24835798336951225851 0.65235672207630279740
0.39535039104876040783 0.60464960895123953666
0.00000000000000000000 0.79585009071657109025
0.08800192028618269990 0.82399615942763482224
0.20414990928342907628 0.79585009071657086821
0.00000000000000005551 0.93587007425480317480
0.06412992574519676969 0.93587007425480317480
0.00000000000000000000 1.00000000000000000000
