0.00000000000000000000 0.00000000000000000000
0.02334507667891816407 0.00000000000000000000
0.07682621767406383473 0.00000000000000000000
0.15690576545912138240 0.00000000000000000000
0.25854508945433174461 0.00000000000000000000
0.37535653494688014931 0.00000000000000000000
0.49999999999999988898 0.00000000000000000000
0.62464346505311985069 0.00000000000000000000
0.74145491054566814437 0.00000000000000000000
0.84309423454087883965 0.00000000000000000000
0.92317378232593638732 0.00000000000000000000
0.97665492332108205797 0.00000000000000000000
1.00000000000000000000 0.00000000000000000000
0.00000000000000000000 0.02334507667891794203
0.03263839216759684136 0.03263839216759628625
0.09663592748266419674 0.03728904127082105502
0.18665200034815099261 0.03912484609746691433
0.29611726225718221217 0.03955141199204398328
0.41753874208363539466 0.03952333544260111520
0.54293792247376337912 0.03952333544260117071
0.66433132575077380455 0.03955141199204403879
0.77422315355438220408 0.03912484609746691433
0.86607503124651463722 0.03728904127082116604
0.93472321566480665034 0.03263839216759684136
0.97665492332108194695 0.02334507667891810856
0.00000000000000000000 0.07682621767406361268
0.03728904127082111053 0.09663592748266414123
0.10770174317928199459 0.10770174317928199459
0.20408470104986570215 0.11324005006460252654
0.31834903985758006284 0.11560505563730738565
0.44188372522097102424 0.11623254955805784050
0.56604590450511227395 0.11560505563730755219
0.68267524888553143825 0.11324005006460285960
0.78459651364143589980 0.10770174317928210561
0.86607503124651463722 0.09663592748266419674
0.92317378232593616527 0.07682621767406383473
0.00000000000000000000 0.15690576545912121587
0.03912484609746680331 0.18665200034815088159
0.11324005006460263756 0.20408470104986559113
0.21334862064756937583 0.21334862064756937583
0.32982227423883486717 0.21726603367805602529
0.45291169208310910754 0.21726603367805602529
0.57330275870486124834 0.21334862064756932032
0.68267524888553166029 0.20408470104986570215
0.77422315355438198203 0.18665200034815104813
0.84309423454087872862 0.15690576545912132689
0.00000000000000000000 0.25854508945433180012
0.03955141199204403879 0.29611726225718215666
0.11560505563730738565 0.31834903985758011835
0.21726603367805596978 0.32982227423883481165
0.33333333333333331483 0.33333333333333325932
0.45291169208310910754 0.32982227423883481165
0.56604590450511249600 0.31834903985758011835
0.66433132575077402660 0.29611726225718204564
0.74145491054566792233 0.25854508945433196665
0.00000000000000000000 0.37535653494688026033
0.03952333544260111520 0.41753874208363550569
0.11623254955805795152 0.44188372522097119077
0.21726603367805608080 0.45291169208310910754
0.32982227423883497819 0.45291169208310910754
0.44188372522097113526 0.44188372522097107975
0.54293792247376349014 0.41753874208363539466
0.62464346505311996172 0.37535653494688003828
0.00000000000000000000 0.50000000000000011102
0.03952333544260100417 0.54293792247376360116
0.11560505563730738565 0.56604590450511249600
0.21334862064756943134 0.57330275870486124834
0.31834903985758017386 0.56604590450511238497
0.41753874208363550569 0.54293792247376337912
0.50000000000000011102 0.50000000000000000000
0.00000000000000005551 0.62464346505311996172
0.03955141199204398328 0.66433132575077391557
0.11324005006460258205 0.68267524888553166029
0.20408470104986575766 0.68267524888553154927
0.29611726225718221217 0.66433132575077380455
0.37535653494688020482 0.62464346505311985069
0.00000000000000011102 0.74145491054566803335
0.03912484609746680331 0.77422315355438209306
0.10770174317928205010 0.78459651364143578878
0.18665200034815088159 0.77422315355438220408
0.25854508945433174461 0.74145491054566825539
0.00000000000000011102 0.84309423454087872862
0.03728904127082105502 0.86607503124651474824
0.09663592748266419674 0.86607503124651474824
0.15690576545912116035 0.84309423454087883965
0.00000000000000000000 0.92317378232593616527
0.03263839216759639728 0.93472321566480676136
0.07682621767406366819 0.92317378232593638732
0.00000000000000005551 0.97665492332108183593
0.02334507667891794203 0.97665492332108205797
0.00000000000000000000 1.00000000000000000000
