0.00000000000000000000 0.00000000000000000000
0.01737703674808066534 0.00000000000000000000
0.05745897788851184185 0.00000000000000000000
0.11824015502409246370 0.00000000000000000000
0.19687339726507718796 0.00000000000000005551
0.28968097264316361450 0.00000000000000000000
0.39232302231810300963 0.00000000000000000000
0.50000000000000000000 0.00000000000000000000
0.60767697768189699037 0.00000000000000000000
0.71031902735683616346 0.00000000000000000000
0.80312660273492286755 0.00000000000000005551
0.88175984497590753630 0.00000000000000000000
0.94254102211148804713 0.00000000000000005551
0.98262296325191922364 0.00000000000000000000
1.00000000000000000000 0.00000000000000000000
0.00000000000000000000 0.01737703674808083187
0.02443486012681750363 0.02443486012681639341
0.07260401553731210544 0.02819958716475789995
0.14144558368635740120 0.02980444900278611531
0.22715695525091295082 0.03017662463682757590
0.32530357291998734937 0.03002478301437744301
0.43100771201157028756 0.02982804932939120413
0.53916423865903839729 0.02982804932939131515
0.64467164406563493007 0.03002478301437760955
0.74266642011225925124 0.03017662463682763141
0.82874996731085681656 0.02980444900278589326
0.89919639729792955052 0.02819958716475795546
0.95113027974636588091 0.02443486012681755914
0.98262296325191933466 0.01737703674808066534
-0.00000000000000022204 0.05745897788851178634
0.02819958716475795546 0.07260401553731249402
0.08152120458708328465 0.08152120458708350670
0.15583561531836570557 0.08625986913834632341
0.24639797215050163182 0.08845268949930529256
0.34801473507630459325 0.08928725254569891412
0.45525759354091904774 0.08948481291816179350
0.56269801237799643712 0.08928725254569891412
0.66514933835019274255 0.08845268949930529256
0.75790451554328785999 0.08625986913834637893
0.83695759082583287558 0.08152120458708350670
0.89919639729792999461 0.07260401553731216095
0.94254102211148804713 0.05745897788851189736
-0.00000000000000011102 0.11824015502409246370
0.02980444900278600429 0.14144558368635740120
0.08625986913834632341 0.15583561531836581660
0.16415642503543614872 0.16415642503543625974
0.25780023483650221783 0.16851338123499609578
0.36122606684049024528 0.17033211770629441695
0.46844181545321533777 0.17033211770629441695
0.57368638392850179741 0.16851338123499592925
0.67168714992912748052 0.16415642503543609321
0.75790451554328797101 0.15583561531836576108
0.82874996731085637247 0.14144558368635751222
0.88175984497590753630 0.11824015502409246370
0.00000000000000000000 0.19687339726507724347
0.03017662463682768692 0.22715695525091317286
0.08845268949930529256 0.24639797215050196488
0.16851338123499592925 0.25780023483650227334
0.26369617923053323416 0.26369617923053323416
0.36724848385697422826 0.26550303228605143246
0.47260764153893347617 0.26369617923053323416
0.57368638392850168639 0.25780023483650227334
0.66514933835019285358 0.24639797215050174284
0.74266642011225947329 0.22715695525091289531
0.80312660273492286755 0.19687339726507718796
0.00000000000000000000 0.28968097264316383654
0.03002478301437760955 0.32530357291998746039
0.08928725254569885861 0.34801473507630464876
0.17033211770629441695 0.36122606684049030079
0.26550303228605159900 0.36724848385697428377
0.36724848385697428377 0.36724848385697428377
0.46844181545321533777 0.36122606684049030079
0.56269801237799643712 0.34801473507630464876
0.64467164406563515211 0.32530357291998734937
0.71031902735683649652 0.28968097264316350348
0.00000000000000000000 0.39232302231810300963
0.02982804932939131515 0.43100771201157028756
0.08948481291816184902 0.45525759354091899223
0.17033211770629452797 0.46844181545321539328
0.26369617923053328967 0.47260764153893353168
0.36122606684049030079 0.46844181545321539328
0.45525759354091904774 0.45525759354091910325
0.53916423865903839729 0.43100771201157028756
0.60767697768189699037 0.39232302231810300963
0.00000000000000000000 0.50000000000000000000
0.02982804932939131515 0.53916423865903839729
0.08928725254569896963 0.56269801237799643712
0.16851338123499609578 0.57368638392850168639
0.25780023483650221783 0.57368638392850179741
0.34801473507630459325 0.56269801237799654814
0.43100771201157028756 0.53916423865903839729
0.50000000000000000000 0.50000000000000000000
0.00000000000000005551 0.60767697768189699037
0.03002478301437755404 0.64467164406563504109
0.08845268949930529256 0.66514933835019296460
0.16415642503543625974 0.67168714992912748052
0.24639797215050190937 0.66514933835019274255
0.32530357291998746039 0.64467164406563493007
0.39232302231810300963 0.60767697768189699037
0.00000000000000005551 0.71031902735683638550
0.03017662463682763141 0.74266642011225947329
0.08625986913834637893 0.75790451554328797101
0.15583561531836576108 0.75790451554328785999
0.22715695525091322837 0.74266642011225914022
0.28968097264316383654 0.71031902735683616346
0.00000000000000011102 0.80312660273492275653
0.02980444900278622633 0.82874996731085637247
0.08152120458708356221 0.83695759082583287558
0.14144558368635740120 0.82874996731085659452
0.19687339726507724347 0.80312660273492275653
0.00000000000000005551 0.88175984497590753630
0.02819958716475801097 0.89919639729792988359
0.07260401553731249402 0.89919639729792955052
0.11824015502409246370 0.88175984497590753630
0.00000000000000011102 0.94254102211148793611
0.02443486012681650443 0.95113027974636588091
0.05745897788851189736 0.94254102211148804713
0.00000000000000005551 0.98262296325191922364
0.01737703674808077636 0.98262296325191922364
0.00000000000000000000 1.00000000000000000000
