0.00000000000000000000 0.00000000000000000000
0.05012100229426985631 0.00000000000000000000
0.16140686024463113402 0.00000000000000000000
0.31844126808691086694 0.00000000000000000000
0.50000000000000000000 0.00000000000000000000
0.68155873191308913306 0.00000000000000000000
0.83859313975536886598 0.00000000000000000000
0.94987899770572992164 0.00000000000000000000
1.00000000000000000000 0.00000000000000000000
0.00000000000000000000 0.05012100229427013387
0.06909006986173027443 0.06909006986173027443
0.19872824864150073765 0.07805819621072884740
0.36763810003571217866 0.08141611910733903557
0.55094578085694878578 0.08141611910733903557
0.72321355514777052598 0.07805819621072890291
0.86181986027653945115 0.06909006986173027443
0.94987899770573014369 0.05012100229426985631
0.00000000000000000000 0.16140686024463118953
0.07805819621072890291 0.19872824864150068214
0.21673101849103071359 0.21673101849103071359
0.38900580912694943114 0.22198838174610108220
0.56653796301793857282 0.21673101849103071359
0.72321355514777041495 0.19872824864150073765
0.83859313975536886598 0.16140686024463113402
0.00000000000000000000 0.31844126808691086694
0.08141611910733898005 0.36763810003571217866
0.22198838174610108220 0.38900580912694943114
0.38900580912694943114 0.38900580912694943114
0.55094578085694878578 0.36763810003571228968
0.68155873191308913306 0.31844126808691086694
0.00000000000000000000 0.50000000000000000000
0.08141611910733898005 0.55094578085694878578
0.21673101849103071359 0.56653796301793857282
0.36763810003571223417 0.55094578085694878578
0.50000000000000000000 0.50000000000000000000
0.00000000000000000000 0.68155873191308913306
0.07805819621072884740 0.72321355514777052598
0.19872824864150073765 0.72321355514777052598
0.31844126808691086694 0.68155873191308913306
0.00000000000000000000 0.83859313975536886598
0.06909006986173032994 0.86181986027653945115
0.16140686024463118953 0.83859313975536897701
0.00000000000000005551 0.94987899770573014369
0.05012100229427007836 0.94987899770572992164
0.00000000000000000000 1.00000000000000000000
