0.00000000000000000000 0.00000000000000000000
0.04023304591677068220 0.00000000000000000000
0.13061306744724765494 0.00000000000000000000
0.26103752509477773369 0.00000000000000000000
0.41736052116680644186 0.00000000000000000000
0.58263947883319344712 0.00000000000000000000
0.73896247490522226631 0.00000000000000000000
0.86938693255275234506 0.00000000000000000000
0.95976695408322942882 0.00000000000000000000
1.00000000000000000000 0.00000000000000000000
0.00000000000000000000 0.04023304591677057118
0.05574432187294126040 0.05574432187294126040
0.16208468937884490391 0.06328809413348135404
0.30469258356105366481 0.06637238117569055351
0.46642135158928960115 0.06715729682142068668
0.62893503526325578168 0.06637238117569055351
0.77462721648767374205 0.06328809413348135404
0.88851135625411747920 0.05574432187294131591
0.95976695408322920677 0.04023304591677073772
-0.00000000000000011102 0.13061306744724765494
0.06328809413348135404 0.16208468937884490391
0.17836340182396243081 0.17836340182396243081
0.32670293134886335684 0.18506787963032012012
0.48822918902081635650 0.18506787963032017563
0.64327319635207502735 0.17836340182396243081
0.77462721648767374205 0.16208468937884490391
0.86938693255275234506 0.13061306744724765494
0.00000000000000000000 0.26103752509477773369
0.06637238117569055351 0.30469258356105366481
0.18506787963032012012 0.32670293134886341235
0.33333333333333325932 0.33333333333333325932
0.48822918902081641201 0.32670293134886341235
0.62893503526325578168 0.30469258356105366481
0.73896247490522226631 0.26103752509477773369
0.00000000000000000000 0.41736052116680655288
0.06715729682142068668 0.46642135158928965666
0.18506787963032012012 0.48822918902081635650
0.32670293134886341235 0.48822918902081635650
0.46642135158928965666 0.46642135158928954564
0.58263947883319344712 0.41736052116680655288
0.00000000000000005551 0.58263947883319344712
0.06637238117569055351 0.62893503526325578168
0.17836340182396243081 0.64327319635207502735
0.30469258356105377583 0.62893503526325567066
0.41736052116680655288 0.58263947883319344712
0.00000000000000000000 0.73896247490522226631
0.06328809413348129853 0.77462721648767374205
0.16208468937884495942 0.77462721648767374205
0.26103752509477773369 0.73896247490522226631
0.00000000000000000000 0.86938693255275234506
0.05574432187294120489 0.88851135625411759023
0.13061306744724759943 0.86938693255275234506
0.00000000000000000000 0.95976695408322931780
0.04023304591677057118 0.95976695408322942882
0.00000000000000000000 1.00000000000000000000
