-0.0007168357042734996
0.0029030316135134626
0.0022504877258953115
0.004707335315998762
0.004150808618362589
0.004707335605417029
0.0022504877005076196
0.0029030302812884656
-0.0007168360009188746
0.0029030301825541116
0.009367830841824798
0.01946806961537817
0.021877740318160477
0.021877740015156633
0.019468068746334666
0.009367830388384846
0.0029030302516730444
0.0022504886504730592
0.019468070004581506
0.021132068956177363
0.030319468763451596
0.021132068772459434
0.01946806874508411
0.0022504877680091795
0.004707334898536253
0.021877739606924962
0.030319469073873506
0.03031946840488331
0.02187774011071042
0.004707335562784465
0.004150809310028869
0.02187774092962158
0.021132068135884197
0.021877740249948374
0.00415080872046758
0.004707334980613709
0.019468067536266176
0.01946806905098697
0.004707335804816637
0.0022504882178830954
0.009367831202865773
0.0022504879909490683
0.0029030299937131687
0.002903030260426931
-0.0007168359653704215