0.0014208938272570748
0.0010598070391374392
0.005879191627363056
0.00607730755544722
0.0060773075586055825
0.005879191622682356
0.0010598070467864318
0.0014208938244166802
0.001059807056827733
0.02141995669290786
0.02411666476502461
0.03556960340913662
0.02411666477146923
0.021419956697187104
0.0010598070473122334
0.005879191638796577
0.024116664826101086
0.03399027074596006
0.033990270729169936
0.02411666476830021
0.005879191629617253
0.00607730756413094
0.035569603403150296
0.03399027072491734
0.03556960341017401
0.006077307558093992
0.00607730755752689
0.024116664772121155
0.02411666477224017
0.006077307556559219
0.005879191639802439
0.021419956674293417
0.005879191623565205
0.0010598070624316946
0.0010598070492591205
0.0014208938220439116